75.46601366996765
68.06219005584717
70.3470401763916
59.0250928401947
59.01224231719971
56.79651594161987
58.433404207229614
76.43656611442566
78.61234927177429
87.61297249794006
85.08718729019165
82.23274278640747
64.16589570045471
68.16243290901184
63.984163761138916
61.15007829666138
67.48552250862122
67.32729887962341
63.3390998840332
69.3844747543335
69.14102435112
17.461247444152832
16.267104625701904
11.822671175003052
10.200899839401245
15.063920736312866
9.362176179885864
10.901358842849731
12.684864282608032
12.420691013336182
11.778254508972168
62.30381155014038
88.50623989105225
14.388138055801392
15.465553045272827
13.29329800605774
